1 0.6109375 0.2546875 0.14375 0.14453125
1 0.79765625 0.0984375 0.1015625 0.1671875
1 0.8890625 0.26796875 0.10234375 0.21171875
1 0.65390625 0.6671875 0.12890625 0.18828125
1 0.58671875 0.440625 0.09375 0.096875
1 0.56484375 0.34921875 0.11328125 0.121875
1 0.5390625 0.21015625 0.09609375 0.09609375
1 0.403125 0.4453125 0.09296875 0.10625
1 0.41328125 0.62421875 0.11484375 0.1078125
1 0.42890625 0.79140625 0.08359375 0.10625
1 0.48671875 0.8390625 0.075 0.1484375
1 0.234375 0.5890625 0.07890625 0.1453125
1 0.18671875 0.6671875 0.053125 0.0890625
1 0.22265625 0.9453125 0.090625 0.109375
1 0.0578125 0.84140625 0.07421875 0.1265625
1 0.1734375 0.521875 0.06640625 0.1390625
1 0.2421875 0.07421875 0.1109375 0.1484375
1 0.359375 0.06484375 0.096875 0.1296875
1 0.7984375 0.0921875 0.0921875 0.16328125
1 0.8828125 0.27578125 0.09296875 0.1953125
1 0.75859375 0.51796875 0.13984375 0.12734375
1 0.928125 0.57109375 0.11484375 0.1171875
1 0.72421875 0.7921875 0.14140625 0.13984375
1 0.73984375 0.68203125 0.04609375 0.0875
1 0.31640625 0.3671875 0.07578125 0.0703125
1 0.290625 0.25625 0.06640625 0.1
1 0.19375 0.40234375 0.090625 0.07109375
1 0.246875 0.4171875 0.05390625 0.09609375