1 0.590625 0.253125 0.13515625 0.20625
1 0.434375 0.2515625 0.103125 0.1703125
1 0.3375 0.18359375 0.08828125 0.11171875
1 0.28125 0.2609375 0.0984375 0.125
1 0.22265625 0.096875 0.10625 0.16484375
1 0.09453125 0.29921875 0.08671875 0.1328125
1 0.065625 0.51640625 0.10078125 0.12578125
1 0.04609375 0.72578125 0.09140625 0.225
1 0.1578125 0.8421875 0.11640625 0.11875
1 0.15 0.95546875 0.0796875 0.08828125
1 0.33671875 0.71015625 0.09609375 0.13671875
1 0.4234375 0.94375 0.1078125 0.11171875
1 0.66328125 0.95 0.0953125 0.1
1 0.64140625 0.74765625 0.09375 0.115625
1 0.54296875 0.60625 0.0828125 0.12734375
1 0.4265625 0.51796875 0.11875 0.15234375
1 0.7578125 0.309375 0.103125 0.16875
1 0.88203125 0.3140625 0.10234375 0.16171875
1 0.9171875 0.44140625 0.1078125 0.17890625
1 0.81875 0.5703125 0.06484375 0.1609375
1 0.77265625 0.47578125 0.075 0.0734375