1 0.45625 0.334375 0.2625 0.19140625
1 0.68359375 0.25390625 0.25546875 0.171875
1 0.125 0.609375 0.2078125 0.22109375
1 0.784375 0.55625 0.11484375 0.0609375
1 0.7171875 0.39765625 0.14765625 0.06796875
1 0.87734375 0.47265625 0.15546875 0.10546875
1 0.95546875 0.58359375 0.0890625 0.09296875
1 0.82578125 0.68515625 0.1546875 0.06015625
1 0.909375 0.1984375 0.15 0.12109375
1 0.8109375 0.03515625 0.165625 0.0703125
1 0.95546875 0.06171875 0.0890625 0.0765625
1 0.8109375 0.0375 0.16796875 0.075
1 0.3234375 0.56953125 0.20078125 0.1796875
1 0.509375 0.634375 0.26796875 0.19296875
1 0.74375 0.13125 0.1546875 0.10390625