1 0.3859375 0.48203125 0.12578125 0.26171875
1 0.30625 0.52421875 0.07421875 0.35078125
1 0.125 0.29375 0.18515625 0.321875
1 0.4515625 0.128125 0.209375 0.25546875
1 0.46171875 0.6265625 0.1 0.12265625
1 0.53671875 0.73359375 0.08828125 0.21328125
1 0.4578125 0.87421875 0.0875 0.16796875
1 0.621875 0.22265625 0.11328125 0.17109375
1 0.96640625 0.475 0.065625 0.1453125
1 0.90078125 0.721875 0.090625 0.19765625
1 0.8109375 0.3203125 0.0703125 0.12890625
1 0.2453125 0.9375 0.0921875 0.12421875
1 0.7203125 0.246875 0.0359375 0.09609375
1 0.603125 0.54921875 0.07421875 0.10546875