1 0.22421875 0.26484375 0.28125 0.3734375
1 0.41796875 0.26640625 0.2140625 0.3703125
1 0.653125 0.43046875 0.18125 0.26796875
1 0.4890625 0.8828125 0.21171875 0.234375
1 0.9109375 0.6046875 0.1484375 0.209375
1 0.8640625 0.8296875 0.10625 0.2109375
1 0.77421875 0.878125 0.0921875 0.24375
1 0.64453125 0.690625 0.1234375 0.25234375
1 0.64921875 0.41171875 0.15859375 0.2796875
1 0.63671875 0.04140625 0.1203125 0.0828125
1 0.8828125 0.17578125 0.121875 0.28125
1 0.8359375 0.3890625 0.12890625 0.18125