1 0.4421875 0.56875 0.296875 0.2015625
1 0.80234375 0.40546875 0.15546875 0.30078125
1 0.67265625 0.51953125 0.096875 0.23359375
1 0.71796875 0.2328125 0.13671875 0.16953125
1 0.4578125 0.365625 0.10234375 0.20234375
1 0.28203125 0.33359375 0.09921875 0.1453125
1 0.20390625 0.81484375 0.103125 0.16484375
1 0.0640625 0.3171875 0.115625 0.23515625
1 0.62109375 0.68125 0.12578125 0.13828125
1 0.52109375 0.78671875 0.07421875 0.1125
1 0.43125 0.8390625 0.09375 0.121875
1 0.51875 0.078125 0.075 0.09296875
1 0.35078125 0.0765625 0.0859375 0.10390625