1 0.26171875 0.0546875 0.13046875 0.109375
1 0.21171875 0.38359375 0.13203125 0.2015625
1 0.32421875 0.290625 0.1203125 0.0859375
1 0.45546875 0.31640625 0.13515625 0.15625
1 0.54375 0.24921875 0.11328125 0.19765625
1 0.74375 0.21875 0.10859375 0.12421875
1 0.815625 0.42421875 0.08125 0.15546875
1 0.66015625 0.54765625 0.1265625 0.25078125
1 0.77734375 0.6859375 0.06953125 0.17578125
1 0.70703125 0.83359375 0.0828125 0.175
1 0.5625 0.928125 0.07890625 0.12734375
1 0.3390625 0.80546875 0.10078125 0.2703125
1 0.1609375 0.721875 0.14609375 0.1109375
1 0.30625 0.67734375 0.1296875 0.209375
1 0.7328125 0.5265625 0.04765625 0.1359375