1 0.7 0.2171875 0.2625 0.1984375
1 0.703125 0.38359375 0.19375 0.0953125
1 0.20078125 0.1859375 0.134375 0.12734375
1 0.103125 0.2984375 0.20625 0.14921875
1 0.309375 0.53359375 0.15625 0.125
1 0.09453125 0.5734375 0.18828125 0.1203125
1 0.1390625 0.721875 0.19375 0.046875
1 0.1671875 0.8171875 0.23203125 0.115625
1 0.3984375 0.81328125 0.1703125 0.17109375
1 0.64921875 0.8328125 0.1859375 0.1578125
1 0.603125 0.6984375 0.1703125 0.08671875
1 0.71015625 0.50234375 0.2421875 0.16171875
1 0.43125 0.20390625 0.1171875 0.11640625
1 0.528125 0.284375 0.11875 0.08359375
1 0.54765625 0.3921875 0.1359375 0.1
1 0.909375 0.3671875 0.15859375 0.125
1 0.7125 0.04765625 0.1625 0.09453125
1 0.253125 0.0421875 0.21640625 0.084375
1 0.0625 0.04609375 0.125 0.0921875