1 0.046875 0.1703125 0.090625 0.18046875
1 0.0453125 0.86640625 0.090625 0.1453125
1 0.0796875 0.03515625 0.1 0.0703125
1 0.4015625 0.43046875 0.14375 0.3328125
1 0.2703125 0.42421875 0.11875 0.22421875
1 0.27890625 0.76171875 0.10234375 0.1078125
1 0.36484375 0.9625 0.0921875 0.075
1 0.44296875 0.71015625 0.16796875 0.31328125
1 0.6171875 0.68671875 0.15703125 0.196875
1 0.659375 0.81328125 0.146875 0.2359375
1 0.775 0.84453125 0.08984375 0.29765625
1 0.6734375 0.2640625 0.0984375 0.2453125
1 0.7671875 0.26796875 0.08828125 0.2203125
1 0.8484375 0.14765625 0.103125 0.15625
1 0.64453125 0.06328125 0.07265625 0.1171875
1 0.93984375 0.59765625 0.053125 0.1578125
1 0.97578125 0.88125 0.03671875 0.09375